30
40
119 51 2 253 106 136 206 25 227 122 57 217 186 67 135 217 121 229 3 120 100 102 26 92 72 201 99 123 148 29 149 222 249 39 245 239 113 166 8 139 92 235 221 209 16 12 158 92 250 31 50 57 144 52 164 70 73 89 141 25 10 64 59 18 224 114 220 21 197 28 169 142 135 136 47 133 79 111 93 136 131 37 164 6 166 206 67 38 97 22 254 187 133 82 74 119 159 170 116 165 230 140 88 15 40 165 250 154 0 8 252 217 15 175 146 61 131 224 51 173 
255 158 167 66 27 110 104 91 17 6 78 58 44 25 94 84 131 90 52 186 44 0 195 155 118 25 221 242 229 24 41 176 3 144 153 119 100 3 97 237 90 88 228 59 138 63 17 141 148 149 93 222 98 48 93 14 40 67 57 151 188 41 165 139 188 31 194 237 42 74 241 185 157 22 221 163 66 165 242 73 73 180 203 31 172 57 232 166 53 142 178 73 215 153 222 200 66 230 22 226 106 248 165 118 211 146 238 143 205 39 46 21 14 190 149 46 108 198 53 134 
8 119 69 131 174 146 232 235 176 223 219 136 134 255 32 58 94 215 37 118 116 220 254 137 212 171 12 25 20 49 152 139 239 101 62 25 239 200 79 83 225 46 36 8 132 27 211 156 21 240 58 32 243 88 162 117 220 200 159 203 58 241 157 117 119 149 168 91 39 84 162 79 110 61 84 147 16 16 74 47 35 106 16 159 73 59 159 23 158 173 208 98 215 115 151 201 43 249 4 196 126 119 27 195 153 249 145 117 214 79 159 31 175 72 51 176 75 231 94 36 
58 6 248 6 160 236 223 132 64 106 34 163 85 64 61 201 154 95 124 94 23 216 20 192 137 89 90 179 70 126 147 39 49 52 76 90 139 227 74 63 110 130 83 7 50 48 60 174 250 234 175 106 167 94 78 159 97 44 181 105 70 125 149 81 191 163 22 49 241 90 188 87 64 175 215 57 121 6 221 106 212 2 231 188 12 13 55 76 172 88 123 242 136 60 114 195 163 138 202 248 240 64 19 34 199 121 146 111 14 6 159 220 69 118 42 209 212 33 120 19 
244 102 27 48 51 103 216 81 155 136 165 36 170 121 115 61 129 117 215 77 179 184 215 75 153 185 222 115 135 240 36 63 56 21 51 28 29 240 60 65 193 91 107 9 227 89 198 64 15 40 203 26 141 235 251 155 54 102 200 41 221 19 213 19 151 252 49 72 205 63 99 114 186 78 92 6 0 23 99 234 251 139 151 58 232 192 236 156 84 87 180 179 164 89 129 116 98 36 78 104 79 106 112 147 129 247 84 130 130 232 19 6 75 138 134 136 168 165 194 76 
107 107 253 48 117 132 111 112 121 56 33 25 189 187 143 241 35 77 27 54 134 23 52 158 156 27 230 82 104 95 219 90 11 137 136 141 152 144 214 223 234 142 199 250 130 210 14 131 72 20 162 207 122 249 31 122 126 145 6 234 193 190 216 223 60 202 34 3 116 138 71 227 89 188 159 216 146 234 10 92 142 111 141 33 37 204 225 10 84 28 95 116 5 246 119 175 49 209 127 47 168 169 64 82 16 20 178 98 209 87 85 186 234 94 238 166 13 48 223 59 
26 91 94 8 140 249 195 195 184 67 144 176 112 3 178 83 140 122 84 87 171 209 219 102 97 173 250 131 225 56 198 96 10 173 36 169 45 93 174 35 183 102 157 123 142 38 182 245 115 46 48 84 68 248 231 146 193 223 184 69 137 246 52 168 20 153 80 60 94 75 179 194 123 118 15 95 194 63 109 22 170 74 85 172 244 33 243 66 210 21 22 131 242 254 90 34 104 212 101 231 101 6 99 70 35 36 55 26 239 169 231 254 32 236 202 93 95 180 154 210 
95 6 130 10 112 175 139 108 159 91 94 5 146 203 231 129 207 211 43 33 84 195 129 223 145 100 210 151 52 235 107 200 231 13 200 52 39 100 10 159 211 69 221 109 213 62 160 71 238 39 1 0 38 145 12 4 118 22 144 209 240 123 57 13 193 253 148 167 144 72 10 207 37 39 84 68 153 213 164 68 186 198 182 208 126 145 239 200 15 31 154 122 187 156 193 52 229 102 79 247 164 183 157 255 35 196 196 151 205 45 177 152 207 119 38 29 139 61 209 122 
135 231 208 159 151 225 91 223 177 155 115 31 108 191 39 76 152 63 253 165 8 157 153 81 216 138 246 249 119 75 41 230 96 25 186 75 110 8 202 109 111 41 226 24 97 160 54 242 213 80 160 37 176 187 28 20 237 6 225 43 119 33 184 85 20 76 77 216 137 78 77 164 103 227 92 178 16 119 53 186 129 246 164 181 69 7 168 148 81 29 64 4 125 78 118 42 132 203 86 184 64 102 33 64 217 197 95 241 87 204 246 65 193 6 184 121 199 22 60 216 
142 119 114 220 52 14 61 10 86 112 136 139 124 20 155 63 250 31 72 23 106 201 114 94 102 105 20 234 63 160 15 129 170 137 59 186 201 232 102 138 245 57 96 167 246 20 83 121 212 50 44 184 180 178 245 211 195 240 91 56 215 59 52 204 227 39 217 63 210 6 124 222 231 80 32 156 127 148 4 120 188 110 80 92 95 243 185 165 128 11 227 130 208 61 201 101 62 46 126 164 131 158 192 106 0 200 179 42 134 220 210 253 90 172 23 30 84 235 118 88 
184 55 108 63 101 109 45 132 57 234 186 137 152 177 158 73 0 142 24 95 160 99 195 122 102 113 95 42 36 43 72 196 35 246 87 85 226 224 28 254 190 14 241 208 192 113 108 78 233 214 203 174 207 134 237 161 228 77 172 22 136 34 166 91 131 173 80 183 211 242 236 108 14 140 213 130 251 197 230 103 247 35 170 13 86 21 29 49 168 51 25 49 100 237 225 41 83 193 206 180 63 153 51 239 195 109 216 225 239 159 39 227 22 250 153 214 169 152 55 10 
142 248 189 104 184 59 174 145 241 140 90 243 247 148 73 137 132 57 106 43 135 54 145 10 141 190 167 115 168 230 218 189 153 192 210 214 145 143 246 13 92 220 55 188 237 95 90 152 42 97 85 3 212 92 58 188 46 248 158 125 132 126 182 48 21 143 231 123 111 188 31 250 239 214 216 89 66 226 208 188 17 136 101 47 68 44 79 22 67 50 64 111 189 239 191 65 192 196 73 27 212 69 98 151 33 205 25 83 97 145 3 130 86 249 181 251 28 118 251 210 
230 83 140 230 78 124 215 148 56 75 66 19 251 90 109 195 240 183 221 110 56 31 31 153 130 67 3 128 204 47 208 174 62 99 20 97 254 92 60 244 14 24 84 77 172 27 203 188 18 128 148 133 28 243 30 191 170 171 113 99 31 27 31 139 6 77 14 121 1 228 188 145 222 152 228 8 43 166 103 72 36 200 49 249 170 76 237 227 13 82 234 5 91 174 132 156 173 9 34 146 80 122 250 103 109 86 217 0 126 60 252 58 155 126 168 206 192 83 194 9 
131 52 35 76 153 105 77 15 138 200 239 12 153 172 241 225 101 242 51 26 125 65 160 251 114 18 83 37 83 168 67 175 74 141 214 15 246 201 16 216 41 52 27 41 44 215 65 24 46 59 105 2 164 15 147 125 160 109 169 173 102 251 107 1 169 47 157 186 251 178 86 177 215 207 206 111 203 239 210 212 196 17 53 92 206 170 118 72 29 44 175 1 4 7 100 235 255 72 131 12 88 250 117 58 58 16 14 152 68 148 39 31 93 216 52 80 152 115 166 232 
171 142 5 44 118 168 203 185 200 199 204 64 167 151 81 149 251 133 108 196 77 133 101 86 214 98 100 9 251 198 115 41 198 147 78 99 250 115 235 16 87 85 176 107 1 126 141 198 110 70 163 71 24 242 149 57 210 160 126 11 98 150 219 41 75 216 53 247 204 117 84 66 158 57 141 116 0 83 173 155 246 136 250 25 157 169 237 97 191 131 120 213 115 5 226 40 74 179 235 231 246 190 234 188 220 71 218 210 201 249 183 159 242 111 140 143 42 1 39 164 
90 3 151 195 81 69 208 54 183 62 52 129 115 201 213 16 248 95 255 177 8 103 167 249 233 79 149 160 138 55 4 142 123 3 75 250 22 116 240 43 202 84 215 178 176 246 138 247 254 34 4 221 4 175 28 155 103 31 130 15 99 154 79 255 241 29 29 79 101 63 6 104 133 7 247 146 63 4 227 152 122 36 78 163 53 131 67 187 112 128 125 20 205 16 162 192 87 220 25 187 198 241 191 224 181 238 141 154 253 117 95 66 177 140 243 127 98 75 87 15 
57 118 4 76 45 225 129 39 93 99 147 53 103 120 149 225 243 105 145 88 147 57 137 203 45 18 251 83 177 149 203 217 245 167 79 58 117 2 143 180 202 176 206 14 237 173 103 157 243 42 21 125 28 98 104 206 72 46 133 242 164 86 86 10 178 152 138 103 254 99 164 249 219 144 218 29 248 222 167 202 198 136 227 122 38 115 133 180 106 206 203 176 42 14 163 4 68 147 162 147 157 206 195 137 68 170 76 51 33 49 39 19 20 224 247 179 72 55 194 183 
229 251 206 15 188 245 122 110 155 30 132 98 62 82 146 198 14 189 189 13 25 152 216 94 105 70 101 49 63 250 41 69 130 195 152 192 221 242 36 184 157 163 197 56 6 108 232 31 50 246 14 187 111 127 91 82 172 49 45 168 56 225 26 15 211 254 76 56 198 194 80 139 81 156 112 90 138 228 17 30 49 192 217 17 238 208 43 127 113 24 245 142 226 63 124 6 137 182 39 21 97 252 86 69 189 72 214 35 62 70 160 76 156 241 224 235 92 133 182 157 
5 31 107 67 213 136 65 152 209 181 86 50 26 134 223 203 117 117 195 64 207 233 118 101 118 105 166 129 40 151 125 95 197 203 93 91 93 213 212 23 251 35 144 24 191 56 130 127 253 45 149 152 179 249 133 200 242 52 177 82 178 109 219 19 118 96 243 7 155 81 122 208 73 48 12 158 236 216 114 127 7 199 16 150 226 30 220 93 103 70 178 50 221 45 85 41 136 145 205 117 47 113 94 97 69 160 1 165 194 187 164 183 125 55 66 191 198 235 170 56 
45 207 135 184 81 254 9 6 7 202 211 40 61 38 79 99 148 79 43 147 213 2 82 188 130 168 53 205 163 131 196 17 152 116 177 36 151 239 254 152 71 181 92 12 141 124 67 176 187 27 9 61 21 236 173 113 205 202 170 241 74 73 76 25 53 112 69 146 27 31 79 160 76 37 136 29 134 249 47 115 81 102 91 15 254 207 95 219 53 221 209 0 210 82 238 66 166 253 14 241 160 204 21 70 131 26 51 110 40 2 156 36 127 196 236 73 122 233 199 42 
253 155 46 147 234 75 5 59 212 81 74 236 228 69 205 194 63 131 254 134 209 69 212 169 134 25 73 232 229 64 95 159 254 188 143 26 127 41 186 88 21 133 159 9 11 198 15 7 34 111 87 164 7 240 2 222 161 43 112 236 72 17 226 216 214 199 92 246 128 167 69 193 41 213 250 39 105 211 68 120 140 158 149 200 48 208 179 7 193 198 11 184 50 163 158 36 73 236 40 117 124 5 255 139 115 40 160 206 156 75 127 208 87 180 194 125 148 96 59 103 
81 201 227 234 62 93 94 188 166 18 135 217 61 9 125 153 159 23 107 226 239 124 161 171 15 70 102 83 16 83 90 130 127 132 192 252 109 126 137 27 164 63 61 139 24 103 171 246 223 98 204 135 46 188 66 26 254 157 0 170 70 112 204 197 17 158 22 209 178 74 91 37 76 75 100 65 83 24 248 54 94 223 127 76 41 147 78 210 97 200 86 255 128 69 104 70 205 91 43 190 121 182 173 89 95 174 82 5 237 13 224 10 182 215 190 22 77 109 222 99 
202 170 103 24 100 109 40 150 212 77 166 47 159 181 196 24 188 130 212 28 80 106 255 183 60 102 135 172 98 238 198 63 249 171 241 52 34 67 69 51 203 219 77 206 153 23 20 253 128 155 62 226 77 167 234 199 244 142 252 233 79 163 102 130 151 19 192 179 53 96 187 208 245 119 56 105 186 209 125 134 221 191 118 77 164 153 116 81 241 232 50 46 210 170 90 163 60 19 116 128 148 169 244 46 198 74 110 185 11 44 73 109 73 166 199 83 237 130 35 161 
151 69 83 220 245 174 251 185 116 86 114 219 49 146 130 72 33 99 145 215 97 6 187 52 54 19 183 205 210 172 218 34 91 246 125 176 8 159 62 153 176 61 30 100 81 101 222 103 204 23 126 40 249 72 122 52 116 4 69 29 223 243 247 84 74 241 154 186 178 25 5 194 97 85 36 251 157 67 117 96 107 53 48 78 28 119 145 47 248 113 190 4 191 139 5 186 240 16 16 72 127 40 30 243 100 218 46 242 85 12 183 53 214 140 47 148 219 25 186 167 
161 42 23 38 2 230 160 244 100 18 164 227 60 174 185 118 205 103 213 14 11 130 191 251 204 159 225 127 226 179 22 223 62 237 71 50 128 178 211 227 185 3 192 225 115 13 75 67 89 56 69 96 106 67 80 141 229 236 217 252 64 219 251 232 33 129 224 200 148 88 123 48 46 213 15 17 171 119 44 196 5 121 110 244 239 21 99 87 100 160 58 64 198 118 243 133 98 100 128 252 106 32 130 50 106 128 27 183 36 72 56 193 193 131 246 204 142 112 47 56 
120 48 34 139 114 41 95 212 22 204 171 186 199 159 40 35 148 116 52 159 90 138 178 186 107 179 40 20 127 91 131 131 99 69 180 234 11 156 218 39 10 140 22 242 117 240 227 44 198 1 76 156 22 230 182 32 196 228 64 114 159 185 41 194 244 143 75 8 252 29 171 150 7 38 15 132 154 151 215 52 125 228 133 234 51 145 5 163 211 195 33 198 150 43 140 11 89 81 166 79 56 72 153 79 77 193 232 246 66 17 84 133 195 23 43 59 156 47 133 53 
252 72 60 85 194 223 180 246 50 146 120 38 153 148 168 155 57 224 143 24 206 57 216 205 175 82 186 188 185 180 179 107 208 167 59 51 47 75 40 55 129 26 146 192 164 160 31 237 2 88 86 0 65 108 154 172 254 145 70 109 220 45 94 99 159 79 144 166 33 72 187 246 14 203 73 247 153 196 18 185 131 117 162 224 221 1 63 56 111 138 76 83 217 195 193 184 129 180 15 141 208 169 217 122 231 234 17 97 64 231 178 192 234 84 58 29 28 31 139 229 
205 230 138 4 63 68 175 174 100 109 67 48 203 45 8 239 111 84 24 217 225 194 215 246 182 137 168 62 169 83 7 204 157 243 11 214 62 21 133 47 84 99 215 17 98 106 48 222 158 220 54 205 116 151 39 60 91 71 153 206 210 40 98 233 122 108 229 54 87 126 222 28 101 147 0 106 182 129 98 149 108 229 153 242 195 60 166 178 133 173 155 218 214 67 30 252 0 238 74 233 231 196 217 153 231 207 41 49 105 70 111 173 158 189 25 23 186 194 162 248 
143 121 229 213 44 96 160 224 10 156 100 114 12 230 216 151 65 251 82 113 210 83 241 211 14 103 218 175 52 195 65 177 72 236 193 226 130 189 244 36 185 157 130 207 101 103 237 217 76 231 108 108 0 92 109 194 70 134 40 93 83 197 57 4 94 141 177 156 186 50 168 218 107 140 88 222 65 212 83 247 200 184 166 124 216 59 138 181 46 116 156 255 66 116 246 159 45 150 117 192 105 243 98 43 149 48 97 197 231 235 202 156 109 181 157 192 72 11 186 171 
48 243 178 254 114 193 229 235 9 217 125 144 208 126 212 165 134 44 112 150 160 224 175 159 238 242 225 43 247 141 221 55 124 50 167 57 186 208 63 87 201 163 163 89 3 205 44 6 163 108 122 143 164 40 120 69 161 111 236 234 18 126 174 66 186 10 212 20 158 253 49 69 65 32 146 140 98 168 184 82 162 219 105 88 21 237 249 147 135 190 120 115 224 188 250 106 168 221 164 2 17 45 89 191 106 230 227 21 221 121 188 221 255 155 76 85 229 214 130 143 
